2 27
3 17
4 25
5 21
6 54
7 32
8 39
9 25
10 25
11 54
12 42
13 42
14 22
15 19
16 24
17 26
18 48
19 47
20 21
21 28
22 18
23 51
24 35
25 29
26 49
27 22
28 21
29 44
30 32
31 43
32 42
33 49
34 32
35 48
36 23
37 24
38 43
39 18
40 17
41 26
42 50
43 30
44 29
45 21
46 50
47 26
48 22
49 18
50 37
51 49
52 42
53 52
54 49
55 54
56 37
57 52
58 48
59 31
60 23
61 50
62 43
63 37
64 27
65 42
66 46
67 39
68 35
69 42
70 54
71 22
72 45
73 34
74 43
75 50
76 26
77 42
78 33
79 47
80 53
81 26
82 17
83 41
84 49
85 25
86 19
87 47
88 16
89 15
90 16
91 30
92 30
93 26
94 54
95 26
96 25
97 38
98 25
99 47
100 23
101 18
102 21
103 41
104 50
105 15
106 52
107 38
108 17
109 48
110 19
111 47
112 43
113 31
114 34
115 22
116 24
117 17
118 45
119 35
120 48
121 39
122 50
123 43
124 25
125 34
126 35
127 19
128 50
129 31
130 48
131 50
132 37
133 24
134 24
135 23
136 35
137 41
138 16
139 53
140 27
141 23
142 24
143 27
144 49
145 44
146 54
147 29
148 15
149 35
150 37
151 19
152 52
153 30
154 48
155 32
156 48
157 49
158 35
159 27
160 24
161 24
162 47
163 23
164 34
165 22
166 34
167 49
168 24
169 37
170 45
171 18
172 45
173 38
174 28
175 52
176 21
177 36
178 45
179 53
180 19
181 28
182 39
183 31
184 30
185 47
186 24
187 45
188 36
189 34
190 40
191 24
192 24
193 38
194 52
195 15
196 27
197 20
198 33
199 17
200 25
201 42