1 0
2 2290
3 1250
4 2030
5 1600
6 4990
7 2770
8 3440
9 2060
10 2020
11 4960
12 3740
13 3770
14 1710
15 1420
16 1920
17 2190
18 4300
19 4290
20 1680
21 2390
22 1310
23 4690
24 3030
25 2450
26 4400
27 1760
28 1640
29 3900
30 2730
31 3870
32 3730
33 4490
34 2720
35 4390
36 1850
37 1930
38 3880
39 1390
40 1290
41 2100
42 4510
43 2580
44 2480
45 1630
46 4560
47 2100
48 1770
49 1390
50 3220
51 4430
52 3740
53 4750
54 4460
55 4970
56 3240
57 4740
58 4360
59 2660
60 1810
61 4570
62 3830
63 3260
64 2250
65 3700
66 4190
67 3400
68 3020
69 3760
70 4910
71 1750
72 4070
73 2980
74 3880
75 4500
76 2110
77 3790
78 2800
79 4220
80 4880
81 2190
82 1250
83 3650
84 4450
85 2040
86 1460
87 4260
88 1180
89 1000
90 1140
91 2530
92 2530
93 2180
94 4900
95 2120
96 2030
97 3340
98 2090
99 4250
100 1840
101 1300
102 1620
103 3650
104 4570
105 1030
106 4730
107 3380
108 1200
109 4300
110 1420
111 4230
112 3800
113 2610
114 2970
115 1780
116 1980
117 1280
118 4070
119 3070
120 4340
121 3420
122 4590
123 3890
124 2030
125 2910
126 3070
127 1420
128 4570
129 2680
130 4330
131 4510
132 3280
133 1950
134 1950
135 1840
136 3020
137 3670
138 1100
139 4890
140 2230
141 1840
142 1900
143 2210
144 4400
145 3990
146 4910
147 2450
148 1060
149 3040
150 3250
151 1430
152 4760
153 2550
154 4330
155 2760
156 4380
157 4410
158 3030
159 2240
160 1970
161 1910
162 4280
163 1840
164 2990
165 1770
166 2920
167 4450
168 1930
169 3220
170 4000
171 1300
172 4000
173 3300
174 2390
175 4710
176 1630
177 3130
178 4020
179 4890
180 1440
181 2390
182 3430
183 2600
184 2560
185 4220
186 1980
187 4050
188 3180
189 2950
190 3580
191 1950
192 1950
193 3380
194 4700
195 1080
196 2230
197 1530
198 2830
199 1220
200 2010
201 3720