1 23452 56766
2 23136 55261
3 24389 55556
4 24005 55379
5 23857 55331
6 23181 55307
7 24111 55424
8 24299 55570
9 23093 55321
10 23858 58199
11 24356 55602
12 23224 55317
13 23481 55299
14 24907 56637
15 23610 55320
16 23817 55342
17 23733 58200
18 23803 55351
19 22987 55393
20 24129 58025
21 24869 56524
22 23877 55397
23 24004 55442
24 23298 55358
25 24331 55639
26 23573 55351
27 23894 55407
28 24498 57703
29 23307 55379
30 23747 58135
31 24455 57735
32 24741 56201
33 23032 55433
34 24741 56201
35 22948 55475
36 24069 55520
37 23984 55481
38 24260 55668
39 23984 55481
40 23337 55391
41 24255 55659
42 24337 55724
43 23152 55431
44 23585 55410
45 23802 55435
46 23938 55491
47 24271 55683
48 24271 55683
49 23987 55515
50 23019 55479
51 24727 57241
52 23881 55489
53 23565 55420
54 23756 55448
55 24274 55699
56 22984 55510
57 22984 55510
58 23970 55524
59 23660 55459
60 23340 55449
61 24223 57817
62 23843 55519
63 24197 55729
64 23661 55488
65 24679 56337
66 23661 55488
67 24290 55781
68 23160 55511
69 24715 56522
70 24255 55782
71 23967 55584
72 24494 56045
73 23777 57999
74 23437 55506
75 24086 55715
76 23379 55520
77 23116 55565
78 23237 55540
79 23350 55529
80 23856 55587
81 24464 56060
82 23785 57952
83 23689 55559
84 23809 57942
85 23745 57957
86 23497 55559
87 23767 55585
88 24014 57823
89 24365 55992
90 24179 55832
91 23488 55601
92 23702 55621
93 23041 55663
94 23495 55640
95 23700 55666
96 23774 55691
97 23399 55661
98 24293 56051
99 24248 56001
100 23562 55684
101 23374 55671
102 24017 55834
103 24332 56136
104 23909 55765
105 23205 55710
106 24127 55913
107 23483 55695
108 24161 55958
109 23903 55789
110 24050 55906
111 24500 56665
112 24188 56012
113 23685 55747
114 24113 55965
115 23590 55747
116 24096 55985
117 24274 56207
118 24138 56036
119 24249 56168
120 24130 57469
121 24395 57052
122 23629 55809
123 23605 55821
124 24375 56494
125 24357 56445
126 24012 56013
127 23600 55834
128 24229 56252
129 23817 57647
130 24229 56252
131 24112 56092
132 24163 56158
133 24038 57486
134 24130 56129
135 24130 56129
136 24214 56250
137 24137 56160
138 24349 56942
139 24169 56220
140 24045 56100
141 24110 56161
142 23519 55875
143 23941 56033
144 23519 55875
145 23868 57541
146 23417 55896
147 23879 56006
148 23789 55960
149 24074 56167
150 23504 55911
151 23392 55909
152 24085 56185
153 24051 57381
154 24061 56170
155 23183 55959
156 23424 55917
157 24029 56163
158 24029 56163
159 23934 56124
160 24075 56256
161 24234 56638
162 24065 56259
163 23026 57407
164 23578 56010
165 23814 57430
166 23339 56065
167 24144 56931
168 24089 56450
169 23986 57180
170 23038 57291
171 23726 56152
172 24051 57057
173 22959 56385
174 23883 56327
175 23570 57349
176 23965 57067
177 23341 56177
178 23117 57239
179 24010 56872
180 23141 56324
181 23269 57278
182 23971 56852
183 22973 56671
184 23768 57110
185 23762 57041
186 23732 56497
187 23661 57060
188 23292 56452
189 23641 57033
190 23681 56978
191 23333 57057
192 23744 56811
193 23303 57012
194 23182 56810
195 23458 56514
196 23220 56868
197 23610 56945
198 23639 56889
199 23661 56701
200 23630 56823
201 23289 56817